0.1
1 , 1
0.7410333333333333 , 1.007383333333333
0.4364713541666666 , 0.8386163194444445
0.3119005280671296 , 0.4220519458912037
0.1828706181278935 , 0.006536147280092608
0.001268162781515259 , -0.1668448822775004
-0.08843764095855833 , -0.09596680668332437
-0.01628588321794365 , 0.0858777752612027
0.1324809680295825 , 0.2741544658095176
0.2513447930071245 , 0.4206048496975262
0.3071326656354055 , 0.4949430479859429
0.3135155340578623 , 0.4823268328116851
0.2843983987288813 , 0.4026317305536615
0.2315285086201875 , 0.3029644752100102
0.1760996351760225 , 0.22726777318005
0.1411603213373191 , 0.1959750393779894
0.1361333559435167 , 0.2068694267937594
0.1542678580116623 , 0.2449199487764065
0.18189517540024 , 0.2906117863180295
0.2069754472333314 , 0.3263070608450262
0.2220312591244744 , 0.3416994180684482
0.2244411377868793 , 0.3363080544811702
0.2162798558019 , 0.3174375739199615
0.2029964989336691 , 0.2953231518079421
0.1906976186955888 , 0.2785633446485464
0.1835476864367684 , 0.2716076502031304
0.182704463074769 , 0.2743811726304566
0.1867973170930413 , 0.2834528374790413
0.1931306367988437 , 0.2940345920804044
0.1989313971952879 , 0.3020049643621632
0.2022986955979734 , 0.3052187725912053
0.2026579397714608 , 0.3037668647580853
0.2006479331936551 , 0.2993595735858628
0.1975871087393007 , 0.2943025495225031
0.1948243207184547 , 0.2905376761417494
0.1932532675081586 , 0.2890581462636508
0.1931195059648184 , 0.2898009900824374
0.1941027092471811 , 0.2919368076284267
0.1955723805237758 , 0.294357406281848
0.1968872052965405 , 0.2961381647500383
0.1976238246852162 , 0.2968166543296004
0.197670940343899 , 0.296436499646954
0.1971886235532835 , 0.2954022432132772
0.1964821084472742 , 0.2942448972028082
0.1958571780332263 , 0.2934030100703394
0.1955126775983678 , 0.2930920328356178
0.1954980418593522 , 0.2932855181028494
0.1957340611353779 , 0.2937863137123714
0.196073588746262 , 0.2943396342610863
0.1963706997444834 , 0.2947374340624919
0.1965317415477922 , 0.294879600078345
0.1965348972616595 , 0.2947815358534649
0.1964194596333498 , 0.2945391949174495
0.1962563712781501 , 0.2942747292840878
0.1961151829680232 , 0.2940868204481938
0.1960399510664602 , 0.2940219721617436
0.1960402618891477 , 0.2940715047663077
0.1960966771391943 , 0.2941887297219069
0.1961749982117749 , 0.2943150966212942
0.196242072761163 , 0.2944038207619202
0.1962771872474254 , 0.2944333274359724
0.1962761688735265 , 0.2944083901467859
0.1962486208962838 , 0.2943517103066129
0.1962110204644072 , 0.2942913453968812
0.1961791645877428 , 0.2942494699475859
0.1961627878793054 , 0.2942360815519992
0.1961636897552858 , 0.2942486002655164
0.1961771319453738 , 0.2942759942221521
0.1961951778830101 , 0.2943048223092897
0.1962103024957764 , 0.2943245781246827
0.1962179336143286 , 0.294330634419479
0.1962173045467223 , 0.2943243663272645
0.1962107500570764 , 0.294311131881708
0.1962020916228647 , 0.2942973683816175
0.1961949129327697 , 0.2942880521083205
0.1961913602659128 , 0.2942853218919421
0.1961917553881595 , 0.2942884528510457
0.1961949492159831 , 0.2942948440776701
0.1961991023154849 , 0.2943014134453472
0.1962025085072686 , 0.2943058047871849
0.1962041608704154 , 0.2943070308608302
0.1962039269811 , 0.2943054703192076
0.1962023717337437 , 0.2943023850419339
0.196200380234404 , 0.2942992503165994
0.1961987645583234 , 0.2942971813447892
0.1961979968121151 , 0.2942966331362799
0.1961981300708176 , 0.2942974093939294
0.1961988869267683 , 0.2942988982037319
0.1961998416194665 , 0.2943003936007953
0.1962006077432344 , 0.2943013679367551
0.1962009640847079 , 0.2943016118395149
0.1962008901609538 , 0.2943012264173309
0.1962005220633704 , 0.2943005082550967
0.1962000645291828 , 0.2942997950830468
0.1961997013667884 , 0.2942993364621107
0.1961995361614485 , 0.2942992285676821
0.1961995763686357 , 0.2942994196090466
0.1961997552882618 , 0.2942997659049784
0.196199974498505 , 0.2943001059312642
0.1962001465894128 , 0.2943003216976372
0.1962002230892601 , 0.2943003691085417
0.1962002015500613 , 0.29430027456523
0.1962001146326048 , 0.2943001076420469
0.1962000096357696 , 0.2942999455690691
0.1961999281150957 , 0.2942998441097952
0.196199892736351 , 0.2942998234405361
0.1961999041367764 , 0.2942998701595789
0.1961999463373361 , 0.2942999505923755
0.1961999966144471 , 0.2943000278227531
0.1962000352180559 , 0.2943000755065426
0.196200051557322 , 0.294300084432351
0.1962000455820978 , 0.2943000613776854
0.1962000251035469 , 0.2943000226341216
0.1962000010353389 , 0.2942999858428711
0.1961999827612497 , 0.2942999634446647
0.1961999752261385 , 0.2942999596347165
0.1961999783325097 , 0.2942999709969372
0.1961999882649783 , 0.2942999896529292
0.1961999997835084 , 0.2943000071747457
0.196200008430967 , 0.2943000176897904
0.1962000119004728 , 0.2943000192925032
0.1962000102965962 , 0.2943000136995509
0.1962000054815679 , 0.2943000047192298
0.1961999999705644 , 0.2942999963768267
0.1961999958800001 , 0.2942999914433195
0.1961999942851693 , 0.2942999907817021
0.196199995108431 , 0.2942999935316422
0.1961999974415156 , 0.294299997853021
0.1962000000775131 , 0.2943000018238381
0.1962000020117819 , 0.29430000413717
0.196200002743548 , 0.2943000044034652
0.1962000023231149 , 0.2943000030528318
0.196200001193168 , 0.2943000009740357
0.1961999999326752 , 0.2942999990845468
0.1961999990183809 , 0.2942999980005008
0.1961999986832811 , 0.294299997897093
0.1961999988970403 , 0.2942999985597811
0.1961999994440398 , 0.2942999995594644
0.1962000000466231 , 0.2943000004583071
0.1962000004786266 , 0.294300000965969
0.1962000006317513 , 0.2943000010039849
0.1962000005234961 , 0.294300000679151
0.1962000002588152 , 0.2943000001985597
0.1961999999708267 , 0.2942999997710983
0.1961999997667859 , 0.29429999953352
0.1961999996969788 , 0.2942999995208012
0.1961999997516121 , 0.2942999996798811
0.1961999998796299 , 0.2942999999108503
0.1962000000172288 , 0.2943000001140778
0.1962000001135608 , 0.2943000002251825
0.1962000001453029 , 0.2943000002286577
0.1962000001178171 , 0.2943000001508199
0.1962000000559253 , 0.2943000000398517
0.1961999999901994 , 0.2942999999432599
0.1961999999447377 , 0.2942999998913396
0.1961999999303451 , 0.2942999998909221
0.1961999999441342 , 0.2942999999289765
0.1961999999740443 , 0.2942999999822745
0.1962000000054306 , 0.2943000000281697
0.1962000000268761 , 0.2943000000524139
0.1962000000333815 , 0.2943000000520198
0.1962000000264814 , 0.29430000003343
0.1962000000120327 , 0.2943000000078388
0.1961999999970489 , 0.2942999999860385
0.1961999999869369 , 0.2942999999747267
0.1961999999840068 , 0.2942999999751984
0.1961999999874516 , 0.2942999999842727
0.1961999999944285 , 0.2942999999965568
0.1962000000015799 , 0.2943000000069088
0.1962000000063458 , 0.2943000000121821
0.1962000000076603 , 0.2943000000118214
0.1962000000059442 , 0.2943000000073953
0.1962000000025765 , 0.2943000000015005
0.1961999999991643 , 0.2942999999965863
0.1961999999969191 , 0.2942999999941301
0.196199999996332 , 0.294299999994367
0.1961999999971852 , 0.2942999999965245
0.1961999999988102 , 0.2942999999993524
0.1962000000004378 , 0.2943000000016844
0.196200000001495 , 0.2943000000028274
0.1962000000017559 , 0.2943000000026835
0.1962000000013324 , 0.2943000000016325
0.1962000000005487 , 0.2943000000002762
0.1961999999997725 , 0.2942999999991699
0.1961999999992749 , 0.2942999999986386
0.1961999999991597 , 0.2942999999987221
0.1961999999993695 , 0.2942999999992337
0.1961999999997474 , 0.2942999999998839
0.1962000000001174 , 0.2943000000004086
0.1962000000003515 , 0.2943000000006553
0.196200000000402 , 0.2943000000006084
0.1962000000002982 , 0.2943000000003596
0.1962000000001161 , 0.2943000000000479
0.1961999999999398 , 0.2942999999997992
0.1961999999998297 , 0.2942999999996847
0.1961999999998078 , 0.2942999999997104
0.196199999999859 , 0.2942999999998314
0.1961999999999467 , 0.2942999999999807
0.1962000000000308 , 0.2943000000000986
0.1962000000000825 , 0.2943000000001517
0.196200000000092 , 0.2943000000001378
